100 10
0 342 161 944 886 473 127 574 191 765 309 572 536 317 1037 425 679 364 848 225 903 887 717 747 179 413 218 710 1080 589 808 469 516 866 311 238 339 666 302 631 350 828 281 654 575 310 706 789 426 612 430 650 505 963 72 658 401 85 566 386 605 454 957 300 510 161 833 791 687 69 546 585 765 763 690 903 927 483 764 409 494 81 406 985 287 359 523 409 319 356 863 293 629 811 295 538 311 158 982 1025 
342 0 465 812 729 475 437 235 163 680 410 733 454 628 934 86 734 27 1015 455 1052 813 958 887 514 543 550 853 971 507 891 449 625 857 278 397 577 501 499 509 195 754 616 769 247 651 905 873 177 749 181 342 738 912 397 780 648 262 522 643 818 728 903 264 350 368 654 1017 849 354 349 244 959 600 830 1100 786 565 818 79 265 412 169 860 615 689 670 614 404 696 934 51 855 955 560 202 123 464 883 933 
161 465 0 1103 1047 626 216 700 337 921 456 677 696 338 1193 541 813 482 936 342 997 1041 768 851 190 541 102 814 1237 748 930 625 643 1010 472 380 428 827 419 792 507 983 260 771 709 250 783 912 576 724 581 794 575 1114 90 773 474 238 721 454 681 498 1108 461 670 304 994 848 785 114 705 706 843 924 797 974 1087 620 896 519 650 85 557 1143 156 336 636 507 468 297 988 423 695 910 372 667 460 4 1139 1180 
944 812 1103 0 99 491 918 748 815 197 664 689 408 983 138 820 469 823 795 809 769 156 953 677 1000 646 1129 674 164 356 546 484 591 322 637 740 819 311 756 316 642 173 1053 598 695 1121 824 542 636 641 632 602 843 230 1014 613 848 881 390 866 821 932 220 650 467 807 186 948 716 1006 463 782 833 215 660 916 32 562 465 847 550 1019 644 49 1193 1078 658 763 649 1142 529 809 867 713 865 738 717 1100 107 155 
886 729 1047 99 0 455 872 652 745 193 623 693 355 955 237 732 486 739 833 770 815 218 968 706 957 624 1080 698 260 309 588 442 583 378 576 696 795 230 725 255 569 207 1018 614 599 1084 843 581 552 651 548 505 839 312 957 631 831 818 356 847 829 920 301 588 392 758 87 972 736 945 380 686 860 130 682 954 67 545 500 759 465 963 562 147 1146 1050 655 747 606 1108 580 730 877 750 836 644 641 1044 203 252 
473 475 626 491 455 0 430 564 396 299 175 325 122 501 568 530 259 498 577 318 599 415 603 438 509 182 642 409 613 148 418 33 193 403 206 251 344 287 270 217 283 357 564 316 524 631 507 400 352 314 351 510 422 491 539 330 388 426 100 402 450 482 484 222 225 323 429 637 421 540 280 596 548 355 386 680 480 130 343 543 321 541 343 526 704 595 265 308 160 654 459 445 498 505 381 532 352 622 514 554 
127 437 216 918 872 430 0 658 274 729 255 464 517 195 998 522 599 461 732 126 790 842 591 639 91 326 212 602 1043 565 715 434 428 799 318 179 220 666 204 618 391 786 184 555 651 233 585 696 481 509 485 711 381 908 147 558 277 180 529 261 484 327 903 313 522 116 830 666 576 181 568 674 645 756 584 782 905 407 681 511 534 140 461 955 274 253 421 296 270 272 772 386 505 700 171 621 375 212 944 982 
574 235 700 748 652 564 658 0 387 668 567 871 491 842 882 163 812 219 1139 652 1163 794 1125 1001 741 687 785 972 911 530 972 531 747 881 418 580 764 456 678 500 311 741 841 879 53 881 1052 955 218 872 217 159 912 901 632 893 833 491 569 833 976 921 890 410 360 572 567 1175 979 590 323 36 1100 536 948 1237 717 682 887 191 249 647 233 797 851 911 807 783 555 925 1003 281 1019 1068 759 37 289 699 838 890 
191 163 337 815 745 396 274 387 0 654 282 602 418 465 923 249 643 189 887 297 930 785 807 766 354 416 408 731 964 474 792 379 509 798 193 250 422 517 349 499 180 725 455 655 385 494 765 773 239 626 244 460 587 874 256 664 492 106 468 485 673 569 866 177 355 208 682 871 720 223 380 401 821 617 708 963 794 456 730 240 316 269 221 860 476 527 542 467 282 538 841 112 707 834 400 350 123 335 870 916 
765 680 921 197 193 299 729 668 654 0 474 502 236 787 272 705 294 696 646 616 634 133 775 516 808 450 941 507 316 180 407 297 396 228 466 550 622 215 561 173 494 75 858 421 617 926 650 397 511 458 508 548 651 235 833 438 651 708 200 670 637 737 225 481 332 621 220 779 543 829 350 704 668 176 490 767 193 365 316 728 435 836 514 227 1003 882 466 567 459 946 408 667 684 563 668 650 571 918 218 263 
309 410 456 664 623 175 255 567 282 474 0 324 271 345 743 484 375 436 608 148 649 588 559 484 336 135 467 449 787 313 516 181 227 557 149 77 212 430 124 373 256 531 397 373 540 462 496 497 351 345 353 563 346 658 370 382 275 277 274 280 412 369 652 157 311 151 587 612 441 377 365 594 549 513 426 690 652 180 462 487 365 371 335 700 529 437 262 217 17 489 567 367 453 552 231 531 295 452 688 727 
572 733 677 689 693 325 464 871 602 502 324 0 439 394 707 805 227 759 285 347 332 554 284 175 497 190 641 138 752 441 271 357 131 437 462 357 251 591 271 513 566 518 490 115 836 555 183 255 653 59 653 833 168 572 611 108 225 574 379 248 136 274 571 474 549 422 699 312 118 638 605 901 229 632 120 369 692 195 275 810 639 604 639 705 682 474 64 170 329 553 330 690 184 238 309 837 615 673 661 681 
536 454 696 408 355 122 517 491 418 236 271 439 0 612 506 491 324 473 672 419 685 367 721 532 603 304 725 507 548 56 483 97 308 405 231 342 461 166 382 102 262 307 668 411 445 733 618 466 299 420 297 412 544 461 606 427 509 475 78 522 568 604 452 245 132 403 317 750 526 598 178 526 655 242 485 781 391 248 396 511 242 612 296 449 791 706 382 430 254 759 512 436 617 595 494 464 340 693 452 498 
317 628 338 983 955 501 195 842 465 787 345 394 612 0 1040 714 587 653 617 205 684 880 431 555 152 339 270 521 1086 648 664 517 416 802 462 288 167 774 231 713 554 830 98 505 829 161 459 648 650 450 653 878 255 927 310 501 169 375 599 146 359 162 923 462 653 271 928 511 483 356 705 861 517 853 508 642 976 426 656 704 689 296 630 1013 296 95 376 239 363 164 724 577 365 605 119 805 554 335 988 1019 
1037 934 1193 138 237 568 998 882 923 272 743 707 506 1040 0 947 480 947 763 881 726 159 950 661 1074 702 1209 666 46 451 517 569 630 287 737 819 873 436 820 427 756 212 1117 604 829 1186 818 518 759 654 755 739 871 156 1105 618 891 980 472 912 833 969 151 752 585 891 323 934 712 1101 588 917 818 347 656 881 170 614 452 973 676 1108 766 91 1270 1133 689 808 728 1202 486 927 876 685 923 871 833 1189 54 34 
425 86 541 820 732 530 522 163 249 705 484 805 491 714 947 0 789 62 1084 538 1118 837 1037 953 599 615 630 920 982 541 948 501 691 896 344 477 659 511 579 532 247 780 701 833 188 735 979 930 194 817 197 295 818 939 478 845 730 347 564 726 895 811 929 331 373 452 651 1095 919 433 359 165 1032 605 897 1173 792 630 871 31 272 493 195 869 694 775 741 692 476 780 987 137 933 1021 644 136 189 540 898 950 
679 734 813 469 486 259 599 812 643 294 375 227 324 587 480 789 0 757 363 473 365 328 485 226 656 272 801 213 525 299 160 288 174 216 460 441 423 437 397 360 542 296 675 129 768 743 357 143 607 174 606 735 392 347 734 145 425 652 247 448 355 494 346 476 455 518 508 486 250 748 502 846 374 449 196 480 475 196 87 803 563 732 599 481 853 676 215 348 369 751 200 702 400 281 480 783 611 809 435 454 
364 27 482 823 739 498 461 219 189 696 436 759 473 653 947 62 757 0 1041 481 1077 829 984 912 537 569 569 879 983 525 915 472 650 877 303 424 604 513 525 524 216 771 640 794 235 673 931 897 188 775 192 335 765 929 417 806 674 285 542 670 844 754 919 289 364 394 662 1044 875 373 360 224 985 610 855 1126 797 590 841 52 274 432 182 872 634 714 697 640 430 719 957 77 882 981 586 187 147 481 897 947 
848 1015 936 795 833 577 732 1139 887 646 608 285 672 617 763 1084 363 1041 0 624 73 640 255 140 748 473 884 167 801 656 250 610 394 480 740 641 512 799 551 721 841 629 714 262 1100 770 160 253 923 268 923 1083 364 607 879 247 462 856 599 483 258 461 612 753 797 704 866 197 167 911 849 1171 108 811 191 121 809 458 333 1092 897 871 911 794 913 675 346 439 612 755 278 974 259 83 565 1106 896 932 732 730 
225 455 342 809 770 318 126 652 297 616 148 347 419 205 881 538 473 481 624 0 678 724 513 522 193 200 333 485 926 461 590 328 302 674 258 83 126 577 79 521 353 669 249 432 634 314 485 571 450 388 454 676 294 786 267 435 195 237 419 188 387 273 781 258 449 89 735 581 462 291 500 674 544 661 465 684 798 282 555 534 484 263 431 843 390 293 299 185 165 341 647 405 417 585 107 614 363 338 827 864 
903 1052 997 769 815 599 790 1163 930 634 649 332 685 684 726 1118 365 1077 73 678 0 613 328 165 811 515 949 200 761 664 228 631 427 449 775 688 571 801 602 725 872 608 781 285 1122 838 231 237 949 304 949 1098 429 569 937 272 525 906 610 546 325 530 575 788 814 754 854 266 215 967 864 1195 181 804 223 161 786 488 318 1127 918 929 939 764 980 744 389 494 651 825 241 1012 330 97 625 1131 931 993 698 692 
887 813 1041 156 218 415 842 794 785 133 588 554 367 880 159 837 328 829 640 724 613 0 807 525 917 542 1054 525 205 311 390 418 471 165 595 664 714 337 662 305 626 60 958 455 741 1027 676 387 644 502 640 665 715 108 953 470 732 834 322 753 682 811 97 610 465 738 285 798 568 952 480 829 682 272 513 760 175 455 313 860 566 956 647 156 1114 974 532 649 574 1043 373 800 727 559 764 777 704 1037 109 140 
717 958 768 953 968 603 591 1125 807 775 559 284 721 431 950 1037 485 984 255 513 328 807 0 295 579 441 698 285 993 725 445 635 413 665 707 561 387 875 459 797 814 780 520 355 1096 564 133 439 908 318 909 1104 220 801 730 340 319 748 663 331 153 270 804 716 825 602 980 83 239 770 881 1152 153 914 295 226 960 474 499 1037 907 718 892 963 713 463 339 345 570 539 492 910 107 296 422 1089 850 764 910 920 
747 887 851 677 706 438 639 1001 766 516 484 175 532 555 661 953 226 912 140 522 165 525 295 0 669 351 811 37 702 516 150 471 262 374 610 526 424 660 445 582 708 506 653 123 962 715 162 145 787 140 787 943 306 509 786 109 388 745 459 411 216 415 512 623 657 595 733 273 75 813 709 1034 157 676 58 254 688 324 212 962 759 779 776 681 849 627 227 344 487 708 201 847 244 68 481 970 766 847 624 630 
179 514 190 1000 957 509 91 741 354 808 336 497 603 152 1074 599 656 537 748 193 811 917 579 669 0 386 145 633 1119 648 759 517 483 863 409 261 247 754 261 704 481 862 103 598 736 143 594 742 570 548 574 799 386 978 159 598 286 252 610 265 492 309 973 403 613 205 917 658 600 207 658 755 653 843 617 784 988 471 735 584 624 145 550 1035 198 180 463 328 352 185 818 464 505 726 188 704 461 186 1020 1057 
413 543 541 646 624 182 326 687 416 450 135 190 304 339 702 615 272 569 473 200 515 542 441 351 386 0 530 315 747 327 395 209 103 477 273 179 173 469 126 398 379 492 417 244 656 485 366 377 470 211 471 664 243 594 464 251 208 399 271 223 290 301 590 285 389 253 607 487 306 481 446 717 417 534 293 558 641 88 355 620 466 461 455 675 584 433 127 126 140 500 450 501 334 418 222 652 426 537 649 681 
218 550 102 1129 1080 642 212 785 408 941 467 641 725 270 1209 630 801 569 884 333 949 1054 698 811 145 530 0 775 1254 774 904 645 627 1006 514 390 391 868 404 825 566 997 179 743 790 153 727 887 644 693 648 868 521 1118 153 743 425 303 740 403 626 432 1113 505 717 322 1034 780 741 197 757 793 786 961 760 912 1115 614 880 609 711 139 624 1166 69 247 609 473 482 198 963 505 634 866 332 751 529 101 1155 1194 
710 853 814 674 698 409 602 972 731 507 449 138 507 521 666 920 213 879 167 485 200 525 285 37 633 315 775 0 708 495 166 443 229 380 576 490 387 640 408 562 676 502 618 96 933 681 152 157 756 104 756 917 274 517 749 80 353 708 436 376 190 383 519 590 630 558 721 274 49 776 683 1004 161 661 24 275 684 292 214 928 730 742 745 681 813 594 190 307 452 675 222 813 222 103 444 939 732 810 626 635 
1080 971 1237 164 260 613 1043 911 964 316 787 752 548 1086 46 982 525 983 801 926 761 205 993 702 1119 747 1254 708 0 493 556 613 675 328 779 864 919 471 866 466 795 257 1163 648 858 1231 860 558 795 698 791 765 916 194 1148 661 937 1022 516 958 877 1014 190 794 623 936 347 974 754 1144 623 946 858 378 699 918 194 660 494 1008 710 1152 802 114 1315 1179 734 854 773 1248 523 965 919 724 969 901 872 1233 99 73 
589 507 748 356 309 148 565 530 474 180 313 441 56 648 451 541 299 525 656 461 664 311 725 516 648 327 774 495 493 0 453 132 313 356 286 387 492 150 417 72 317 252 709 399 482 775 616 438 347 415 345 438 560 406 659 415 535 529 62 550 574 628 397 301 172 452 281 748 518 652 209 566 648 207 473 769 341 259 363 561 283 663 346 396 839 743 389 453 297 800 478 491 623 577 529 506 394 744 397 443 
808 891 930 546 588 418 715 972 792 407 516 271 483 664 517 948 160 915 250 590 228 390 445 150 759 395 904 166 556 453 0 447 293 231 615 574 514 582 511 508 701 382 759 161 927 825 312 19 767 214 766 891 430 363 857 163 495 791 405 519 356 540 366 631 614 649 627 419 216 877 660 1006 303 578 168 370 561 336 93 961 723 853 759 545 949 745 296 433 513 824 60 858 389 169 573 943 768 926 483 485 
469 449 625 484 442 33 434 531 379 297 181 357 97 517 569 501 288 472 610 328 631 418 635 471 517 209 645 443 613 132 447 0 226 419 187 256 364 262 287 196 256 360 577 349 491 642 540 429 320 348 320 477 451 500 536 363 413 417 97 425 482 507 492 203 191 324 411 670 455 534 247 564 581 336 419 713 471 162 370 516 288 539 312 521 709 611 297 334 165 667 486 421 530 538 398 500 327 621 514 556 
516 625 643 591 583 193 428 747 509 396 227 131 308 416 630 691 174 650 394 302 427 471 413 262 483 103 627 229 675 313 293 226 0 386 348 281 251 463 225 385 447 426 502 146 710 571 313 274 530 126 530 703 256 510 567 156 262 499 251 283 262 342 507 361 418 356 580 444 232 585 473 778 356 510 205 491 589 65 253 700 511 563 518 613 678 508 76 180 227 581 347 586 310 331 307 713 504 639 579 606 
866 857 1010 322 378 403 799 881 798 228 557 437 405 802 287 896 216 877 480 674 449 165 665 374 863 477 1006 380 328 356 231 419 386 0 606 630 637 439 603 382 663 175 888 327 831 957 532 231 703 380 700 771 604 137 926 339 641 827 336 663 554 708 139 622 528 708 434 647 427 934 558 917 531 402 372 599 341 393 168 916 637 926 701 316 1061 892 431 563 548 966 208 835 595 400 692 859 739 1006 252 256 
311 278 472 637 576 206 318 418 193 466 149 462 231 462 737 344 460 303 740 258 775 595 707 610 409 273 514 576 779 286 615 187 348 606 0 176 353 355 265 322 107 535 492 491 392 549 639 597 203 473 205 421 494 682 382 503 420 244 276 423 559 512 674 16 205 204 522 759 575 370 250 446 690 452 553 830 618 287 546 352 227 390 186 679 581 547 398 365 137 584 660 243 601 678 359 382 156 469 683 729 
238 397 380 740 696 251 179 580 250 550 77 357 342 288 819 477 441 424 641 83 688 664 561 526 261 179 390 490 864 387 574 256 281 630 176 0 184 497 102 444 275 608 329 423 559 392 515 555 373 387 376 596 342 734 296 430 254 220 350 253 423 342 728 178 366 78 657 622 475 307 417 603 572 583 468 714 727 244 526 476 403 296 354 776 453 376 300 218 91 422 627 349 459 593 184 543 294 376 765 804 
339 577 428 819 795 344 220 764 422 622 212 251 461 167 873 659 423 604 512 126 571 714 387 424 247 173 391 387 919 492 514 364 251 637 353 184 0 626 89 560 457 664 252 353 742 320 366 497 555 301 557 773 169 760 367 352 71 362 439 70 266 159 757 358 521 215 773 456 357 400 576 788 426 699 370 564 813 259 496 656 576 359 537 848 435 261 219 82 228 330 573 528 293 482 59 727 478 424 821 852 
666 501 827 311 230 287 666 456 517 215 430 591 166 774 436 511 437 513 799 577 801 337 875 660 754 469 868 640 471 150 582 262 463 439 355 497 626 0 545 79 339 286 826 545 404 888 765 568 325 564 321 333 707 445 737 562 675 594 212 687 724 769 434 366 162 550 167 897 666 721 153 492 796 101 619 914 285 407 489 537 240 745 333 359 935 867 538 595 412 918 597 500 773 718 657 440 411 824 388 440 
302 499 419 756 725 270 204 678 349 561 124 271 382 231 820 579 397 525 551 79 602 662 459 445 261 126 404 408 866 417 511 287 225 603 265 102 89 545 0 483 369 609 298 353 655 366 418 493 467 310 469 684 240 718 346 357 156 305 369 158 324 247 714 270 434 153 697 522 387 369 489 703 476 623 388 617 748 211 478 578 487 341 449 788 458 325 221 118 140 385 568 451 358 509 112 641 395 415 767 801 
631 509 792 316 255 217 618 500 499 173 373 513 102 713 427 532 360 524 721 521 725 305 797 582 704 398 825 562 466 72 508 196 385 382 322 444 560 79 483 0 329 248 770 466 449 835 686 494 339 486 335 392 632 408 702 483 605 565 134 619 647 698 398 334 160 504 215 819 587 691 178 536 717 140 541 836 297 332 416 555 262 708 342 361 891 807 461 524 356 861 527 500 695 640 595 479 406 789 375 424 
350 195 507 642 569 283 391 311 180 494 256 566 262 554 756 247 542 216 841 353 872 626 814 708 481 379 566 676 795 317 701 256 447 663 107 275 457 339 369 329 0 567 572 587 285 624 745 683 98 573 101 324 601 723 421 600 525 269 327 527 666 616 714 100 177 285 503 866 677 396 200 338 795 439 652 934 620 384 625 260 145 431 80 688 635 634 502 473 245 663 741 174 708 776 458 275 78 504 704 752 
828 754 983 173 207 357 786 741 725 75 531 518 307 830 212 780 296 771 629 669 608 60 780 506 862 492 997 502 257 252 382 360 426 175 535 608 664 286 609 248 567 0 906 425 690 974 651 376 586 469 583 618 675 160 895 441 686 774 263 706 649 768 150 550 407 680 259 776 543 894 425 777 662 232 488 750 182 405 297 803 510 898 589 188 1058 924 491 603 517 992 373 741 695 546 713 723 645 979 159 197 
281 616 260 1053 1018 564 184 841 455 858 397 490 668 98 1117 701 675 640 714 249 781 958 520 653 103 417 179 618 1163 709 759 577 502 888 492 329 252 826 298 770 572 906 0 599 835 69 555 743 664 545 668 894 352 1010 254 596 266 354 664 242 457 256 1006 489 692 289 985 602 580 304 741 856 613 910 605 736 1044 504 747 687 714 238 644 1086 198 80 468 330 414 92 819 566 460 703 196 804 559 257 1065 1098 
654 769 771 598 614 316 555 879 655 421 373 115 411 505 604 833 129 794 262 432 285 455 355 123 598 244 743 96 648 399 161 349 146 327 491 423 353 545 353 466 587 425 599 0 839 665 229 144 665 56 665 821 281 463 699 17 336 643 340 360 229 389 463 505 535 496 632 359 123 721 587 911 252 570 74 371 605 204 162 843 636 694 654 609 788 587 135 271 373 666 220 731 272 190 412 847 647 767 560 576 
575 247 709 695 599 524 651 53 385 617 540 836 445 829 829 188 768 235 1100 634 1122 741 1096 962 736 656 790 933 858 482 927 491 710 831 392 559 742 404 655 449 285 690 835 839 0 878 1018 911 189 835 187 112 885 848 637 854 810 491 523 812 945 901 838 385 314 559 514 1143 942 597 274 88 1065 483 910 1201 664 645 841 218 205 651 206 744 857 903 773 757 527 920 957 287 989 1029 741 54 277 708 785 837 
310 651 250 1121 1084 631 233 881 494 926 462 555 733 161 1186 735 743 673 770 314 838 1027 564 715 143 485 153 681 1231 775 825 642 571 957 549 392 320 888 366 835 624 974 69 665 878 0 610 809 713 611 717 943 411 1079 268 662 330 390 731 306 513 309 1075 545 752 345 1049 647 641 318 799 894 667 975 668 784 1111 573 815 719 767 251 693 1153 150 101 535 397 479 48 884 602 513 763 265 844 604 248 1133 1166 
706 905 783 824 843 507 585 1052 765 650 496 183 618 459 818 979 357 931 160 485 231 676 133 162 594 366 727 152 860 616 312 540 313 532 639 515 366 765 418 686 745 651 555 229 1018 610 0 306 834 200 835 1016 208 669 731 213 310 722 554 329 102 301 671 650 731 570 860 133 108 766 787 1081 60 796 164 199 832 378 366 983 822 721 820 832 754 514 246 301 504 595 362 860 99 174 415 1017 790 779 778 788 
789 873 912 542 581 400 696 955 773 397 497 255 466 648 518 930 143 897 253 571 237 387 439 145 742 377 887 157 558 438 19 429 274 231 597 555 497 568 493 494 683 376 743 144 911 809 306 0 749 198 748 876 416 365 838 147 479 772 389 503 344 526 368 612 598 630 617 416 206 858 644 989 300 567 156 374 556 317 82 943 706 834 742 543 932 729 278 415 494 808 76 839 379 171 556 926 750 908 482 486 
426 177 576 636 552 352 481 218 239 511 351 653 299 650 759 194 607 188 923 450 949 644 908 787 570 470 644 756 795 347 767 320 530 703 203 373 555 325 467 339 98 586 664 665 189 713 834 749 0 656 5 230 697 746 494 678 622 341 373 624 758 713 736 197 179 380 477 957 762 463 173 248 882 423 733 1020 610 465 686 217 89 506 20 684 712 728 589 568 339 753 803 183 802 854 556 184 116 574 709 760 
612 749 724 641 651 314 509 872 626 458 345 59 420 450 654 817 174 775 268 388 304 502 318 140 548 211 693 104 698 415 214 348 126 380 473 387 301 564 310 486 573 469 545 56 835 611 200 198 656 0 656 824 226 515 655 51 281 607 354 305 181 333 515 486 538 457 662 333 107 679 592 904 235 597 82 366 646 191 217 824 634 649 644 655 735 532 89 220 347 611 274 709 227 208 360 839 629 720 609 626 
430 181 581 632 548 351 485 217 244 508 353 653 297 653 755 197 606 192 923 454 949 640 909 787 574 471 648 756 791 345 766 320 530 700 205 376 557 321 469 335 101 583 668 665 187 717 835 748 5 656 0 226 699 742 499 678 625 346 371 627 760 716 733 199 176 383 473 958 762 467 168 248 882 419 733 1020 605 465 684 220 84 511 24 680 717 731 590 570 341 757 801 188 803 854 559 183 121 579 705 756 
650 342 794 602 505 510 711 159 460 548 563 833 412 878 739 295 735 335 1083 676 1098 665 1104 943 799 664 868 917 765 438 891 477 703 771 421 596 773 333 684 392 324 618 894 821 112 943 1016 876 230 824 226 0 903 773 716 836 838 565 488 842 952 931 762 418 286 609 418 1145 931 680 234 189 1058 398 894 1189 571 638 802 326 199 729 250 651 936 957 771 775 548 983 915 375 998 1007 780 167 340 792 698 750 
505 738 575 843 839 422 381 912 587 651 346 168 544 255 871 818 392 765 364 294 429 715 220 306 386 243 521 274 916 560 430 451 256 604 494 342 169 707 240 632 601 675 352 281 885 411 208 416 697 226 699 903 0 739 526 273 104 530 500 122 106 110 738 502 632 382 834 287 232 563 689 938 267 763 265 401 844 301 443 817 704 516 680 864 550 321 185 129 358 402 489 690 124 352 210 876 633 572 824 845 
963 912 1114 230 312 491 908 901 874 235 658 572 461 927 156 939 347 929 607 786 569 108 801 509 978 594 1118 517 194 406 363 500 510 137 682 734 760 445 718 408 723 160 1010 463 848 1079 669 365 746 515 742 773 739 0 1027 475 770 916 406 792 691 840 11 698 566 809 387 781 564 1030 585 936 665 379 509 725 258 507 305 962 670 1029 748 208 1176 1018 561 690 646 1091 330 897 732 530 814 883 800 1110 135 123 
72 397 90 1014 957 539 147 632 256 833 370 611 606 310 1105 478 734 417 879 267 937 953 730 786 159 464 153 749 1148 659 857 536 567 926 382 296 367 737 346 702 421 895 254 699 637 268 731 838 494 655 499 716 526 1027 0 702 422 153 633 404 630 461 1021 371 581 219 905 807 723 50 617 641 791 834 730 926 997 539 818 458 565 17 475 1054 220 334 566 443 381 315 913 351 649 847 316 597 378 86 1050 1092 
658 780 773 613 631 330 558 893 664 438 382 108 427 501 618 845 145 806 247 435 272 470 340 109 598 251 743 80 661 415 163 363 156 339 503 430 352 562 357 483 600 441 596 17 854 662 213 147 678 51 678 836 273 475 702 0 332 649 356 356 216 381 476 517 550 502 648 343 107 725 603 925 235 586 58 355 620 216 172 855 651 697 667 624 786 582 136 270 383 661 223 742 258 176 411 861 659 769 575 589 
401 648 474 848 831 388 277 833 492 651 275 225 509 169 891 730 425 674 462 195 525 732 319 388 286 208 425 353 937 535 495 413 262 641 420 254 71 675 156 605 525 686 266 336 810 330 310 479 622 281 625 838 104 770 422 332 0 430 479 24 208 95 767 425 580 285 815 390 317 459 636 857 369 742 339 505 844 287 490 727 640 412 605 873 460 252 211 84 290 330 555 599 228 441 106 796 549 470 841 868 
85 262 238 881 818 426 180 491 106 708 277 574 475 375 980 347 652 285 856 237 906 834 748 745 252 399 303 708 1022 529 791 417 499 827 244 220 362 594 305 565 269 774 354 643 491 390 722 772 341 607 346 565 530 916 153 649 430 0 512 419 625 495 909 231 435 152 761 818 691 128 467 504 780 692 687 921 862 457 739 333 412 165 322 923 371 429 519 421 283 434 843 212 654 811 329 455 226 235 925 970 
566 522 721 390 356 100 529 569 468 200 274 379 78 599 472 564 247 542 599 419 610 322 663 459 610 271 740 436 516 62 405 97 251 336 276 350 439 212 369 134 327 263 664 340 523 731 554 389 373 354 371 488 500 406 633 356 479 512 0 494 513 570 398 292 210 420 337 687 458 631 255 604 588 264 414 711 380 199 318 582 320 636 369 426 803 694 327 396 259 754 434 499 561 521 480 542 403 718 417 459 
386 643 454 866 847 402 261 833 485 670 280 248 522 146 912 726 448 670 483 188 546 753 331 411 265 223 403 376 958 550 519 425 283 663 423 253 70 687 158 619 527 706 242 360 812 306 329 503 624 305 627 842 122 792 404 356 24 419 494 0 227 89 789 427 588 277 830 404 340 442 644 856 389 756 363 522 862 305 513 722 645 394 606 892 437 229 234 104 296 307 578 593 245 464 91 796 547 450 861 889 
605 818 681 821 829 450 484 976 673 637 412 136 568 359 833 895 355 844 258 387 325 682 153 216 492 290 626 190 877 574 356 482 262 554 559 423 266 724 324 647 666 649 457 229 945 513 102 344 758 181 760 952 106 691 630 216 208 625 513 227 0 205 691 569 671 474 835 200 142 665 728 1004 162 768 188 298 826 321 387 896 755 620 743 836 655 420 186 206 422 501 412 771 49 253 313 941 706 677 789 804 
454 728 498 932 920 482 327 921 569 737 369 274 604 162 969 811 494 754 461 273 530 811 270 415 309 301 432 383 1014 628 540 507 342 708 512 342 159 769 247 698 616 768 256 389 901 309 301 526 713 333 716 931 110 840 461 381 95 495 570 89 205 0 839 516 675 360 907 350 340 504 731 945 358 834 375 480 930 375 549 806 734 449 695 955 454 215 280 175 385 296 599 678 204 457 169 884 634 495 920 944 
957 903 1108 220 301 484 903 890 866 225 652 571 452 923 151 929 346 919 612 781 575 97 804 512 973 590 1113 519 190 397 366 492 507 139 674 728 757 434 714 398 714 150 1006 463 838 1075 671 368 736 515 733 762 738 11 1021 476 767 909 398 789 691 839 0 690 557 803 375 784 566 1024 575 926 668 368 511 730 247 503 306 952 660 1023 738 199 1171 1015 560 687 640 1087 335 888 733 534 810 873 791 1104 127 118 
300 264 461 650 588 222 313 410 177 481 157 474 245 462 752 331 476 289 753 258 788 610 716 623 403 285 505 590 794 301 631 203 361 622 16 178 358 366 270 334 100 550 489 505 385 545 650 612 197 486 199 418 502 698 371 517 425 231 292 427 569 516 690 0 212 200 533 769 588 357 255 437 702 463 566 842 631 302 562 338 227 379 179 693 573 545 410 373 147 580 676 227 610 692 362 374 143 458 698 743 
510 350 670 467 392 225 522 360 355 332 311 549 132 653 585 373 455 364 797 449 814 465 825 657 613 389 717 630 623 172 614 191 418 528 205 366 521 162 434 160 177 407 692 535 314 752 731 598 179 538 176 286 632 566 581 550 580 435 210 588 671 675 557 212 0 407 327 861 645 563 57 395 772 262 607 903 443 354 528 396 111 590 182 514 785 742 488 508 294 785 644 342 718 722 541 334 250 667 534 584 
161 368 304 807 758 323 116 572 208 621 151 422 403 271 891 452 518 394 704 89 754 738 602 595 205 253 322 558 936 452 649 324 356 708 204 78 215 550 153 504 285 680 289 496 559 345 570 630 380 457 383 609 382 809 219 502 285 152 420 277 474 360 803 200 407 0 714 669 539 230 454 592 628 641 537 769 793 322 604 446 425 219 360 845 387 348 369 269 164 381 703 317 505 660 192 535 283 300 837 877 
833 654 994 186 87 429 830 567 682 220 587 699 317 928 323 651 508 662 866 735 854 285 980 733 917 607 1034 721 347 281 627 411 580 434 522 657 773 167 697 215 503 259 985 632 514 1049 860 617 477 662 473 418 834 387 905 648 815 761 337 830 835 907 375 533 327 714 0 991 755 889 308 600 882 75 703 985 154 534 536 680 389 912 488 234 1101 1022 655 733 570 1076 626 658 884 782 809 559 572 991 287 338 
791 1017 848 948 972 637 666 1175 871 779 612 312 750 511 934 1095 486 1044 197 581 266 798 83 273 658 487 780 274 974 748 419 670 444 647 759 622 456 897 522 819 866 776 602 359 1143 647 133 416 957 333 958 1145 287 781 807 343 390 818 687 404 200 350 784 769 861 669 991 0 236 846 917 1204 116 928 290 145 958 507 485 1096 949 795 942 954 796 546 373 405 622 622 460 971 164 256 495 1140 907 844 897 902 
687 849 785 716 736 421 576 979 720 543 441 118 526 483 712 919 250 875 167 462 215 568 239 75 600 306 741 49 754 518 216 455 232 427 575 475 357 666 387 587 677 543 580 123 942 641 108 206 762 107 762 931 232 564 723 107 317 691 458 340 142 340 566 588 645 539 755 236 0 752 699 1010 130 693 56 259 724 297 260 926 741 715 749 724 777 553 179 280 446 634 270 807 173 125 413 945 730 781 671 682 
69 354 114 1006 945 540 181 590 223 829 377 638 598 356 1101 433 748 373 911 291 967 952 770 813 207 481 197 776 1144 652 877 534 585 934 370 307 400 721 369 691 396 894 304 721 597 318 766 858 463 679 467 680 563 1030 50 725 459 128 631 442 665 504 1024 357 563 230 889 846 752 0 595 597 826 820 756 963 988 552 833 413 537 67 444 1047 261 383 590 473 387 365 932 310 687 876 352 556 346 112 1047 1090 
546 349 705 463 380 280 568 323 380 350 365 605 178 705 588 359 502 360 849 500 864 480 881 709 658 446 757 683 623 209 660 247 473 558 250 417 576 153 489 178 200 425 741 587 274 799 787 644 173 592 168 234 689 585 617 603 636 467 255 644 728 731 575 255 57 454 308 917 699 595 0 359 827 251 660 957 437 409 571 385 87 627 182 511 826 793 544 565 349 833 687 350 775 773 595 301 266 702 539 590 
585 244 706 782 686 596 674 36 401 704 594 901 526 861 917 165 846 224 1171 674 1195 829 1152 1034 755 717 793 1004 946 566 1006 564 778 917 446 603 788 492 703 536 338 777 856 911 88 894 1081 989 248 904 248 189 938 936 641 925 857 504 604 856 1004 945 926 437 395 592 600 1204 1010 597 359 0 1130 571 980 1268 752 713 921 189 284 656 262 831 858 928 837 810 583 938 1038 292 1047 1101 780 64 310 705 873 925 
765 959 843 833 860 548 645 1100 821 668 549 229 655 517 818 1032 374 985 108 544 181 682 153 157 653 417 786 161 858 648 303 581 356 531 690 572 426 796 476 717 795 662 613 252 1065 667 60 300 882 235 882 1058 267 665 791 235 369 780 588 389 162 358 668 702 772 628 882 116 130 826 827 1130 0 821 179 142 844 421 369 1036 866 781 868 838 812 570 293 359 556 650 346 914 154 145 475 1066 843 839 781 786 
763 600 924 215 130 355 756 536 617 176 513 632 242 853 347 605 449 610 811 661 804 272 914 676 843 534 961 661 378 207 578 336 510 402 452 583 699 101 623 140 439 232 910 570 483 975 796 567 423 597 419 398 763 379 834 586 742 692 264 756 768 834 368 463 262 641 75 928 693 820 251 571 821 0 642 929 187 462 486 632 336 841 432 264 1028 947 585 659 496 1002 583 600 816 728 735 524 511 920 302 354 
690 830 797 660 682 386 584 948 708 490 426 120 485 508 656 897 196 855 191 465 223 513 295 58 617 293 760 24 699 473 168 419 205 372 553 468 370 619 388 541 652 488 605 74 910 668 164 156 733 82 733 894 265 509 730 58 339 687 414 363 188 375 511 566 607 537 703 290 56 756 660 980 179 642 0 297 669 268 205 905 707 724 721 669 799 584 169 290 429 664 225 790 225 126 428 916 709 792 616 626 
903 1100 974 916 954 680 782 1237 963 767 690 369 781 642 881 1173 480 1126 121 684 161 760 226 254 784 558 912 275 918 769 370 713 491 599 830 714 564 914 617 836 934 750 736 371 1201 784 199 374 1020 366 1020 1189 401 725 926 355 505 921 711 522 298 480 730 842 903 769 985 145 259 963 957 1268 142 929 297 0 930 556 454 1178 1000 916 1007 914 932 685 432 500 697 762 395 1056 279 204 611 1204 984 970 851 848 
927 786 1087 32 67 480 905 717 794 193 652 692 391 976 170 792 475 797 809 798 786 175 960 688 988 641 1115 684 194 341 561 471 589 341 618 727 813 285 748 297 620 182 1044 605 664 1111 832 556 610 646 605 571 844 258 997 620 844 862 380 862 826 930 247 631 443 793 154 958 724 988 437 752 844 187 669 930 0 557 478 819 523 1003 618 80 1179 1071 659 760 636 1133 547 785 872 727 857 708 694 1083 139 187 
483 565 620 562 545 130 407 682 456 365 180 195 248 426 614 630 196 590 458 282 488 455 474 324 471 88 614 292 660 259 336 162 65 393 287 244 259 407 211 332 384 405 504 204 645 573 378 317 465 191 465 638 301 507 539 216 287 457 199 305 321 375 503 302 354 322 534 507 297 552 409 713 421 462 268 556 557 0 282 639 445 537 453 589 669 520 135 202 176 588 387 528 369 392 309 649 443 615 562 594 
764 818 896 465 500 343 681 887 730 316 462 275 396 656 452 871 87 841 333 555 318 313 499 212 735 355 880 214 494 363 93 370 253 168 546 526 496 489 478 416 625 297 747 162 841 815 366 82 686 217 684 802 443 305 818 172 490 739 318 513 387 549 306 562 528 604 536 485 260 833 571 921 369 486 205 454 478 282 0 886 638 815 680 469 930 743 280 418 456 819 117 788 427 250 554 859 695 892 413 422 
409 79 519 847 759 543 511 191 240 728 487 810 511 704 973 31 803 52 1092 534 1127 860 1037 962 584 620 609 928 1008 561 961 516 700 916 352 476 656 537 578 555 260 803 687 843 218 719 983 943 217 824 220 326 817 962 458 855 727 333 582 722 896 806 952 338 396 446 680 1096 926 413 385 189 1036 632 905 1178 819 639 886 0 298 474 215 895 673 762 747 693 481 764 1002 129 934 1030 638 165 196 518 924 975 
494 265 650 550 465 321 534 249 316 435 365 639 242 689 676 272 563 274 897 484 918 566 907 759 624 466 711 730 710 283 723 288 511 637 227 403 576 240 487 262 145 510 714 636 205 767 822 706 89 634 84 199 704 670 565 651 640 412 320 645 755 734 660 227 111 425 389 949 741 537 87 284 866 336 707 1000 523 445 638 298 0 576 101 598 780 772 577 577 350 805 754 271 800 825 586 223 195 647 626 678 
81 412 85 1019 963 541 140 647 269 836 371 604 612 296 1108 493 732 432 871 263 929 956 718 779 145 461 139 742 1152 663 853 539 563 926 390 296 359 745 341 708 431 898 238 694 651 251 721 834 506 649 511 729 516 1029 17 697 412 165 636 394 620 449 1023 379 590 219 912 795 715 67 627 656 781 841 724 916 1003 537 815 474 576 0 487 1059 207 318 561 436 383 299 909 366 638 840 307 612 391 81 1054 1095 
406 169 557 644 562 343 461 233 221 514 335 639 296 630 766 195 599 182 911 431 939 647 892 776 550 455 624 745 802 346 759 312 518 701 186 354 537 333 449 342 80 589 644 654 206 693 820 742 20 644 24 250 680 748 475 667 605 322 369 606 743 695 738 179 182 360 488 942 749 444 182 262 868 432 721 1007 618 453 680 215 101 487 0 691 693 708 576 552 323 733 796 170 786 844 537 198 98 555 715 765 
985 860 1143 49 147 526 955 797 860 227 700 705 449 1013 91 869 481 872 794 843 764 156 963 681 1035 675 1166 681 114 396 545 521 613 316 679 776 848 359 788 361 688 188 1086 609 744 1153 832 543 684 655 680 651 864 208 1054 624 873 923 426 892 836 955 199 693 514 845 234 954 724 1047 511 831 838 264 669 914 80 589 469 895 598 1059 691 0 1229 1108 679 789 685 1173 523 856 881 713 895 787 764 1140 74 113 
287 615 156 1193 1146 704 274 851 476 1003 529 682 791 296 1270 694 853 634 913 390 980 1114 713 849 198 584 69 813 1315 839 949 709 678 1061 581 453 435 935 458 891 635 1058 198 788 857 150 754 932 712 735 717 936 550 1176 220 786 460 371 803 437 655 454 1171 573 785 387 1101 796 777 261 826 858 812 1028 799 932 1179 669 930 673 780 207 693 1229 0 251 654 516 544 184 1008 571 658 900 376 817 597 156 1216 1254 
359 689 336 1078 1050 595 253 911 527 882 437 474 706 95 1133 775 676 714 675 293 744 974 463 627 180 433 247 594 1179 743 745 611 508 892 547 376 261 867 325 807 634 924 80 587 903 101 514 729 728 532 731 957 321 1018 334 582 252 429 694 229 420 215 1015 545 742 348 1022 546 553 383 793 928 570 947 584 685 1071 520 743 762 772 318 708 1108 251 0 463 329 455 81 804 639 416 672 214 874 626 333 1082 1112 
523 670 636 658 655 265 421 807 542 466 262 64 382 376 689 741 215 697 346 299 389 532 339 227 463 127 609 190 734 389 296 297 76 431 398 300 219 538 221 461 502 491 468 135 773 535 246 278 589 89 590 771 185 561 566 136 211 519 327 234 186 280 560 410 488 369 655 373 179 590 544 837 293 585 169 432 659 135 280 747 577 561 576 679 654 463 0 138 267 539 355 628 235 293 278 773 552 632 640 664 
409 614 507 763 747 308 296 783 467 567 217 170 430 239 808 692 348 640 439 185 494 649 345 344 328 126 473 307 854 453 433 334 180 563 365 218 82 595 118 524 473 603 330 271 757 397 301 415 568 220 570 775 129 690 443 270 84 421 396 104 206 175 687 373 508 269 733 405 280 473 565 810 359 659 290 500 760 202 418 693 577 436 552 789 516 329 138 0 230 403 492 567 242 404 140 747 506 503 758 786 
319 404 468 649 606 160 270 555 282 459 17 329 254 363 728 476 369 430 612 165 651 574 570 487 352 140 482 452 773 297 513 165 227 548 137 91 228 412 140 356 245 517 414 373 527 479 504 494 339 347 341 548 358 646 381 383 290 283 259 296 422 385 640 147 294 164 570 622 446 387 349 583 556 496 429 697 636 176 456 481 350 383 323 685 544 455 267 230 0 506 563 362 464 555 248 519 287 464 674 714 
356 696 297 1142 1108 654 272 925 538 946 489 553 759 164 1202 780 751 719 755 341 825 1043 539 708 185 500 198 675 1248 800 824 667 581 966 584 422 330 918 385 861 663 992 92 666 920 48 595 808 753 611 757 983 402 1091 315 661 330 434 754 307 501 296 1087 580 785 381 1076 622 634 365 833 938 650 1002 664 762 1133 588 819 764 805 299 733 1173 184 81 539 403 506 0 884 646 496 753 279 888 646 295 1150 1181 
863 934 988 529 580 459 772 1003 841 408 567 330 512 724 486 987 200 957 278 647 241 373 492 201 818 450 963 222 523 478 60 486 347 208 660 627 573 597 568 527 741 373 819 220 957 884 362 76 803 274 801 915 489 330 913 223 555 843 434 578 412 599 335 676 644 703 626 460 270 932 687 1038 346 583 225 395 547 387 117 1002 754 909 796 523 1008 804 355 492 563 884 0 902 443 204 632 976 811 983 457 453 
293 51 423 809 730 445 386 281 112 667 367 690 436 577 927 137 702 77 974 405 1012 800 910 847 464 501 505 813 965 491 858 421 586 835 243 349 528 500 451 500 174 741 566 731 287 602 860 839 183 709 188 375 690 897 351 742 599 212 499 593 771 678 888 227 342 317 658 971 807 310 350 292 914 600 790 1056 785 528 788 129 271 366 170 856 571 639 628 567 362 646 902 0 808 916 510 246 97 421 875 924 
629 855 695 867 877 498 505 1019 707 684 453 184 617 365 876 933 400 882 259 417 330 727 107 244 505 334 634 222 919 623 389 530 310 595 601 459 293 773 358 695 708 695 460 272 989 513 99 379 802 227 803 998 124 732 649 258 228 654 561 245 49 204 733 610 718 505 884 164 173 687 775 1047 154 816 225 279 872 369 427 934 800 638 786 881 658 416 235 242 464 496 443 808 0 269 334 983 746 691 833 847 
811 955 910 713 750 505 700 1068 834 563 552 238 595 605 685 1021 281 981 83 585 97 559 296 68 726 418 866 103 724 577 169 538 331 400 678 593 482 718 509 640 776 546 703 190 1029 763 174 171 854 208 854 1007 352 530 847 176 441 811 521 464 253 457 534 692 722 660 782 256 125 876 773 1101 145 728 126 204 727 392 250 1030 825 840 844 713 900 672 293 404 555 753 204 916 269 0 538 1037 834 906 652 653 
295 560 372 865 836 381 171 759 400 668 231 309 494 119 923 644 480 586 565 107 625 764 422 481 188 222 332 444 969 529 573 398 307 692 359 184 59 657 112 595 458 713 196 412 741 265 415 556 556 360 559 780 210 814 316 411 106 329 480 91 313 169 810 362 541 192 809 495 413 352 595 780 475 735 428 611 857 309 554 638 586 307 537 895 376 214 278 140 248 279 632 510 334 538 0 721 470 368 871 903 
538 202 667 738 644 532 621 37 350 650 531 837 464 805 871 136 783 187 1106 614 1131 777 1089 970 704 652 751 939 901 506 943 500 713 859 382 543 727 440 641 479 275 723 804 847 54 844 1017 926 184 839 183 167 876 883 597 861 796 455 542 796 941 884 873 374 334 535 559 1140 945 556 301 64 1066 524 916 1204 708 649 859 165 223 612 198 787 817 874 773 747 519 888 976 246 983 1037 721 0 252 665 825 877 
311 123 460 717 641 352 375 289 123 571 295 615 340 554 833 189 611 147 896 363 931 704 850 766 461 426 529 732 872 394 768 327 504 739 156 294 478 411 395 406 78 645 559 647 277 604 790 750 116 629 121 340 633 800 378 659 549 226 403 547 706 634 791 143 250 283 572 907 730 346 266 310 843 511 709 984 694 443 695 196 195 391 98 764 597 626 552 506 287 646 811 97 746 834 470 252 0 458 781 829 
158 464 4 1100 1044 622 212 699 335 918 452 673 693 335 1189 540 809 481 932 338 993 1037 764 847 186 537 101 810 1233 744 926 621 639 1006 469 376 424 824 415 789 504 979 257 767 708 248 779 908 574 720 579 792 572 1110 86 769 470 235 718 450 677 495 1104 458 667 300 991 844 781 112 702 705 839 920 792 970 1083 615 892 518 647 81 555 1140 156 333 632 503 464 295 983 421 691 906 368 665 458 0 1135 1176 
982 883 1139 107 203 514 944 838 870 218 688 661 452 988 54 898 435 897 732 827 698 109 910 624 1020 649 1155 626 99 397 483 514 579 252 683 765 821 388 767 375 704 159 1065 560 785 1133 778 482 709 609 705 698 824 135 1050 575 841 925 417 861 789 920 127 698 534 837 287 897 671 1047 539 873 781 302 616 851 139 562 413 924 626 1054 715 74 1216 1082 640 758 674 1150 457 875 833 652 871 825 781 1135 0 52 
