200 20
0 342 161 944 886 473 127 574 191 765 309 572 536 317 1037 425 679 364 848 225 903 887 717 747 179 413 218 710 1080 589 808 469 516 866 311 238 339 666 302 631 350 828 281 654 575 310 706 789 426 612 430 650 505 963 72 658 401 85 566 386 605 454 957 300 510 161 833 791 687 69 546 585 765 763 690 903 927 483 764 409 494 81 406 985 287 359 523 409 319 356 863 293 629 811 295 538 311 158 982 1025 225 433 1021 859 850 707 860 649 384 598 575 557 704 812 420 761 169 425 617 566 500 171 543 559 328 222 447 248 445 376 230 33 239 319 897 228 78 869 900 663 442 470 16 429 345 688 61 564 704 281 125 23 679 770 90 733 782 322 413 979 494 522 857 519 739 815 721 795 628 608 252 141 189 487 440 780 133 527 237 810 1036 535 882 612 262 368 430 136 548 742 22 668 524 332 584 1058 924 66 740 604 
342 0 465 812 729 475 437 235 163 680 410 733 454 628 934 86 734 27 1015 455 1052 813 958 887 514 543 550 853 971 507 891 449 625 857 278 397 577 501 499 509 195 754 616 769 247 651 905 873 177 749 181 342 738 912 397 780 648 262 522 643 818 728 903 264 350 368 654 1017 849 354 349 244 959 600 830 1100 786 565 818 79 265 412 169 860 615 689 670 614 404 696 934 51 855 955 560 202 123 464 883 933 121 237 954 830 836 900 799 622 312 755 683 645 725 994 531 748 507 124 352 514 310 359 696 218 125 137 126 467 104 41 510 329 340 637 1093 563 417 771 834 460 692 686 327 227 501 582 285 577 726 479 451 328 603 790 424 823 971 649 147 870 274 813 985 699 945 917 811 894 801 790 483 322 305 408 689 671 209 539 379 1021 943 464 962 568 508 89 711 305 379 613 320 672 204 13 346 941 1118 389 844 749 
161 465 0 1103 1047 626 216 700 337 921 456 677 696 338 1193 541 813 482 936 342 997 1041 768 851 190 541 102 814 1237 748 930 625 643 1010 472 380 428 827 419 792 507 983 260 771 709 250 783 912 576 724 581 794 575 1114 90 773 474 238 721 454 681 498 1108 461 670 304 994 848 785 114 705 706 843 924 797 974 1087 620 896 519 650 85 557 1143 156 336 636 507 468 297 988 423 695 910 372 667 460 4 1139 1180 344 590 1173 1007 995 788 1013 801 545 701 699 687 845 894 554 908 172 565 770 723 659 319 652 680 478 330 583 364 563 493 310 151 393 328 969 218 103 1026 1053 823 507 555 175 586 472 847 193 712 846 401 191 184 836 910 163 855 862 312 560 1137 650 543 962 618 811 930 843 912 723 700 362 297 348 647 507 938 271 677 383 875 1191 694 1003 766 359 509 471 295 708 902 178 814 662 457 740 1216 995 180 857 712 
944 812 1103 0 99 491 918 748 815 197 664 689 408 983 138 820 469 823 795 809 769 156 953 677 1000 646 1129 674 164 356 546 484 591 322 637 740 819 311 756 316 642 173 1053 598 695 1121 824 542 636 641 632 602 843 230 1014 613 848 881 390 866 821 932 220 650 467 807 186 948 716 1006 463 782 833 215 660 916 32 562 465 847 550 1019 644 49 1193 1078 658 763 649 1142 529 809 867 713 865 738 717 1100 107 155 870 577 216 270 307 805 191 343 565 686 581 549 397 822 620 316 1010 700 509 386 502 791 671 783 705 897 718 794 809 829 883 963 712 1008 908 1028 1004 108 175 365 867 794 931 587 697 256 931 439 397 762 949 922 275 387 958 549 827 1043 666 79 539 1016 685 726 858 598 548 585 728 745 807 807 756 457 863 167 875 460 731 909 159 410 561 353 830 723 942 809 434 205 931 377 682 807 485 132 920 929 584 659 
886 729 1047 99 0 455 872 652 745 193 623 693 355 955 237 732 486 739 833 770 815 218 968 706 957 624 1080 698 260 309 588 442 583 378 576 696 795 230 725 255 569 207 1018 614 599 1084 843 581 552 651 548 505 839 312 957 631 831 818 356 847 829 920 301 588 392 758 87 972 736 945 380 686 860 130 682 954 67 545 500 759 465 963 562 147 1146 1050 655 747 606 1108 580 730 877 750 836 644 641 1044 203 252 795 498 309 325 360 826 243 334 503 694 584 546 415 854 597 344 966 613 415 348 422 741 671 688 627 822 630 757 720 743 847 902 661 978 946 989 950 153 242 274 854 786 873 507 668 212 869 423 416 728 902 864 249 421 908 579 856 1013 582 177 455 1008 728 723 880 639 575 624 740 754 772 753 701 401 850 145 808 436 685 937 258 361 614 328 797 641 926 753 356 149 872 383 590 725 394 227 960 877 614 668 
473 475 626 491 455 0 430 564 396 299 175 325 122 501 568 530 259 498 577 318 599 415 603 438 509 182 642 409 613 148 418 33 193 403 206 251 344 287 270 217 283 357 564 316 524 631 507 400 352 314 351 510 422 491 539 330 388 426 100 402 450 482 484 222 225 323 429 637 421 540 280 596 548 355 386 680 480 130 343 543 321 541 343 526 704 595 265 308 160 654 459 445 498 505 381 532 352 622 514 554 473 284 548 389 384 495 387 176 165 339 236 190 253 569 154 293 520 420 410 107 266 308 289 581 350 498 454 303 532 510 393 497 235 524 672 537 524 403 427 338 419 363 463 293 214 243 475 103 254 273 460 452 216 320 473 354 554 558 375 514 308 575 524 324 549 448 343 425 391 392 318 332 286 113 415 324 439 64 244 622 565 108 487 141 342 402 484 338 241 307 465 206 477 464 353 593 695 447 379 322 
127 437 216 918 872 430 0 658 274 729 255 464 517 195 998 522 599 461 732 126 790 842 591 639 91 326 212 602 1043 565 715 434 428 799 318 179 220 666 204 618 391 786 184 555 651 233 585 696 481 509 485 711 381 908 147 558 277 180 529 261 484 327 903 313 522 116 830 666 576 181 568 674 645 756 584 782 905 407 681 511 534 140 461 955 274 253 421 296 270 272 772 386 505 700 171 621 375 212 944 982 332 470 969 799 785 588 812 599 386 489 483 472 634 694 340 700 95 497 660 533 524 133 438 649 391 334 525 149 540 475 105 159 213 202 776 135 117 833 852 679 317 351 133 468 257 664 183 507 634 186 30 126 645 697 54 639 663 213 476 944 530 397 750 407 617 715 628 697 515 493 146 138 187 473 315 752 235 474 188 686 993 512 787 571 146 442 303 149 559 724 142 606 597 425 618 1023 802 61 642 499 
574 235 700 748 652 564 658 0 387 668 567 871 491 842 882 163 812 219 1139 652 1163 794 1125 1001 741 687 785 972 911 530 972 531 747 881 418 580 764 456 678 500 311 741 841 879 53 881 1052 955 218 872 217 159 912 901 632 893 833 491 569 833 976 921 890 410 360 572 567 1175 979 590 323 36 1100 536 948 1237 717 682 887 191 249 647 233 797 851 911 807 783 555 925 1003 281 1019 1068 759 37 289 699 838 890 357 280 928 842 858 1043 790 661 410 890 797 753 782 1127 668 780 736 168 238 557 311 560 833 38 275 371 135 659 141 209 718 564 517 854 1229 789 650 738 818 386 877 855 559 272 664 571 519 650 783 661 676 558 611 839 653 914 1109 870 204 818 263 1012 1086 850 1094 1007 903 984 940 934 676 530 499 462 873 643 441 619 560 1169 898 506 1035 606 705 218 908 515 368 576 552 725 87 244 272 879 1253 617 941 877 
191 163 337 815 745 396 274 387 0 654 282 602 418 465 923 249 643 189 887 297 930 785 807 766 354 416 408 731 964 474 792 379 509 798 193 250 422 517 349 499 180 725 455 655 385 494 765 773 239 626 244 460 587 874 256 664 492 106 468 485 673 569 866 177 355 208 682 871 720 223 380 401 821 617 708 963 794 456 730 240 316 269 221 860 476 527 542 467 282 538 841 112 707 834 400 350 123 335 870 916 83 260 925 780 778 762 764 564 256 626 569 537 648 861 410 688 349 234 434 465 333 202 567 375 141 104 257 312 266 203 348 188 203 474 956 403 269 755 802 499 537 538 176 254 363 565 144 498 649 328 290 173 570 715 266 720 835 487 224 861 318 652 870 562 804 811 708 789 668 654 326 162 156 367 534 658 67 459 235 879 927 422 865 517 350 177 550 144 392 610 169 602 333 151 407 938 982 230 736 624 
765 680 921 197 193 299 729 668 654 0 474 502 236 787 272 705 294 696 646 616 634 133 775 516 808 450 941 507 316 180 407 297 396 228 466 550 622 215 561 173 494 75 858 421 617 926 650 397 511 458 508 548 651 235 833 438 651 708 200 670 637 737 225 481 332 621 220 779 543 829 350 704 668 176 490 767 193 365 316 728 435 836 514 227 1003 882 466 567 459 946 408 667 684 563 668 650 571 918 218 263 718 444 274 181 206 633 123 147 398 502 392 357 224 664 424 160 819 581 440 198 377 605 481 699 561 745 607 600 698 703 688 786 528 811 759 834 820 104 154 294 671 600 753 454 501 99 758 242 225 567 759 742 86 239 771 389 665 847 542 215 422 822 547 534 688 457 385 439 547 562 613 625 576 287 668 51 709 264 543 746 273 233 443 159 635 592 746 628 309 105 754 190 590 672 397 295 774 744 425 475 
309 410 456 664 623 175 255 567 282 474 0 324 271 345 743 484 375 436 608 148 649 588 559 484 336 135 467 449 787 313 516 181 227 557 149 77 212 430 124 373 256 531 397 373 540 462 496 497 351 345 353 563 346 658 370 382 275 277 274 280 412 369 652 157 311 151 587 612 441 377 365 594 549 513 426 690 652 180 462 487 365 371 335 700 529 437 262 217 17 489 567 367 453 552 231 531 295 452 688 727 366 306 718 552 542 490 558 346 180 347 288 259 395 585 128 453 346 402 483 279 331 138 287 573 302 385 437 138 493 450 227 336 81 367 683 366 352 578 599 459 316 288 300 310 97 412 322 257 396 116 286 289 390 462 299 441 561 398 363 689 356 464 588 291 537 530 429 509 391 380 154 170 136 232 312 498 305 221 72 612 739 263 589 315 183 363 362 180 343 474 303 360 486 397 431 768 708 275 455 343 
572 733 677 689 693 325 464 871 602 502 324 0 439 394 707 805 227 759 285 347 332 554 284 175 497 190 641 138 752 441 271 357 131 437 462 357 251 591 271 513 566 518 490 115 836 555 183 255 653 59 653 833 168 572 611 108 225 574 379 248 136 274 571 474 549 422 699 312 118 638 605 901 229 632 120 369 692 195 275 810 639 604 639 705 682 474 64 170 329 553 330 690 184 238 309 837 615 673 661 681 685 593 639 463 434 173 516 361 461 25 110 152 296 261 204 380 514 712 734 393 588 419 38 882 621 703 748 324 812 773 367 605 400 417 361 495 581 581 551 654 217 141 570 600 240 503 607 286 295 292 487 559 451 331 518 202 239 454 670 675 627 341 286 62 225 258 194 243 69 68 321 462 448 438 215 548 614 293 369 300 691 422 338 382 319 680 294 478 565 565 577 313 785 721 677 746 386 515 192 41 
536 454 696 408 355 122 517 491 418 236 271 439 0 612 506 491 324 473 672 419 685 367 721 532 603 304 725 507 548 56 483 97 308 405 231 342 461 166 382 102 262 307 668 411 445 733 618 466 299 420 297 412 544 461 606 427 509 475 78 522 568 604 452 245 132 403 317 750 526 598 178 526 655 242 485 781 391 248 396 511 242 612 296 449 791 706 382 430 254 759 512 436 617 595 494 464 340 693 452 498 484 228 508 376 383 605 348 173 162 450 340 294 291 671 276 297 611 371 305 66 180 387 405 514 332 510 401 407 488 482 497 555 307 634 773 636 598 337 386 217 541 485 524 238 330 151 525 168 292 381 548 514 153 350 553 430 659 667 327 446 228 697 604 444 660 521 420 499 503 506 423 400 349 51 537 244 474 147 330 731 509 17 545 117 450 370 604 401 134 207 524 234 405 446 249 524 795 523 460 431 
317 628 338 983 955 501 195 842 465 787 345 394 612 0 1040 714 587 653 617 205 684 880 431 555 152 339 270 521 1086 648 664 517 416 802 462 288 167 774 231 713 554 830 98 505 829 161 459 648 650 450 653 878 255 927 310 501 169 375 599 146 359 162 923 462 653 271 928 511 483 356 705 861 517 853 508 642 976 426 656 704 689 296 630 1013 296 95 376 239 363 164 724 577 365 605 119 805 554 335 988 1019 526 625 992 815 793 467 846 643 516 416 456 465 640 571 364 718 169 677 813 607 667 285 382 836 569 530 707 209 730 667 128 346 347 25 638 122 275 886 885 804 187 254 325 626 287 743 376 546 640 231 192 320 710 694 228 594 538 62 650 994 682 209 663 332 482 651 584 637 422 396 192 312 347 577 188 820 431 524 306 542 1030 602 731 631 163 624 134 327 686 807 335 629 775 616 765 1072 663 253 586 434 
1037 934 1193 138 237 568 998 882 923 272 743 707 506 1040 0 947 480 947 763 881 726 159 950 661 1074 702 1209 666 46 451 517 569 630 287 737 819 873 436 820 427 756 212 1117 604 829 1186 818 518 759 654 755 739 871 156 1105 618 891 980 472 912 833 969 151 752 585 891 323 934 712 1101 588 917 818 347 656 881 170 614 452 973 676 1108 766 91 1270 1133 689 808 728 1202 486 927 876 685 923 871 833 1189 54 34 984 697 107 247 282 799 195 400 668 700 607 583 413 797 678 329 1086 826 644 470 624 876 696 917 821 1011 847 864 938 953 950 1058 800 1064 874 1097 1092 169 157 497 904 828 1025 707 760 358 1030 496 413 829 1028 1015 358 380 1041 539 808 1101 790 65 664 1046 646 753 848 567 541 559 735 756 875 897 848 558 901 265 980 525 813 890 30 505 514 428 895 845 982 901 555 321 1026 412 814 928 616 44 883 1015 570 673 
425 86 541 820 732 530 522 163 249 705 484 805 491 714 947 0 789 62 1084 538 1118 837 1037 953 599 615 630 920 982 541 948 501 691 896 344 477 659 511 579 532 247 780 701 833 188 735 979 930 194 817 197 295 818 939 478 845 730 347 564 726 895 811 929 331 373 452 651 1095 919 433 359 165 1032 605 897 1173 792 630 871 31 272 493 195 869 694 775 741 692 476 780 987 137 933 1021 644 136 189 540 898 950 201 264 977 865 874 974 826 663 365 826 747 708 773 1066 601 788 592 123 331 555 328 442 767 139 185 212 102 550 22 49 595 411 418 723 1165 648 499 790 859 458 774 765 411 254 578 606 367 628 774 560 536 412 633 836 509 882 1044 735 164 883 284 898 1048 774 1020 976 871 954 873 863 566 407 386 449 771 690 293 592 459 1096 959 503 1017 608 592 128 795 390 396 628 403 718 159 98 338 951 1190 475 905 818 
679 734 813 469 486 259 599 812 643 294 375 227 324 587 480 789 0 757 363 473 365 328 485 226 656 272 801 213 525 299 160 288 174 216 460 441 423 437 397 360 542 296 675 129 768 743 357 143 607 174 606 735 392 347 734 145 425 652 247 448 355 494 346 476 455 518 508 486 250 748 502 846 374 449 196 480 475 196 87 803 563 732 599 481 853 676 215 348 369 751 200 702 400 281 480 783 611 809 435 454 724 537 414 237 209 340 290 178 424 220 132 127 72 374 260 154 671 676 627 260 503 508 218 832 610 747 710 451 790 769 523 708 455 612 472 667 711 360 324 512 431 353 672 546 341 324 696 162 71 413 627 661 267 108 651 107 372 649 632 450 549 566 281 275 394 196 99 175 259 277 456 544 510 350 428 344 676 197 444 452 464 308 228 222 467 662 509 555 457 377 676 110 725 723 572 519 490 636 141 193 
364 27 482 823 739 498 461 219 189 696 436 759 473 653 947 62 757 0 1041 481 1077 829 984 912 537 569 569 879 983 525 915 472 650 877 303 424 604 513 525 524 216 771 640 794 235 673 931 897 188 775 192 335 765 929 417 806 674 285 542 670 844 754 919 289 364 394 662 1044 875 373 360 224 985 610 855 1126 797 590 841 52 274 432 182 872 634 714 697 640 430 719 957 77 882 981 586 187 147 481 897 947 140 252 970 849 856 926 816 642 334 781 708 670 746 1020 557 768 530 127 354 534 323 385 722 198 148 153 122 494 81 14 536 350 367 663 1119 587 438 786 850 468 719 713 350 242 528 598 306 599 748 506 475 350 620 811 448 847 997 674 157 883 284 840 1010 726 972 941 836 919 827 816 509 348 331 428 716 686 231 562 406 1047 957 483 985 588 535 103 737 331 392 626 342 693 196 40 351 954 1144 413 869 775 
848 1015 936 795 833 577 732 1139 887 646 608 285 672 617 763 1084 363 1041 0 624 73 640 255 140 748 473 884 167 801 656 250 610 394 480 740 641 512 799 551 721 841 629 714 262 1100 770 160 253 923 268 923 1083 364 607 879 247 462 856 599 483 258 461 612 753 797 704 866 197 167 911 849 1171 108 811 191 121 809 458 333 1092 897 871 911 794 913 675 346 439 612 755 278 974 259 83 565 1106 896 932 732 730 970 859 668 528 490 150 605 540 730 261 342 386 426 54 484 489 766 986 977 613 841 702 321 1153 900 988 1022 602 1091 1055 629 881 685 636 113 734 848 691 626 873 433 382 847 866 525 687 887 504 424 573 751 837 630 412 785 258 87 669 943 755 884 474 119 331 150 198 264 210 221 240 596 745 733 685 432 698 898 527 654 143 739 655 254 582 588 959 488 761 805 737 855 473 1052 1003 921 807 128 787 223 266 
225 455 342 809 770 318 126 652 297 616 148 347 419 205 881 538 473 481 624 0 678 724 513 522 193 200 333 485 926 461 590 328 302 674 258 83 126 577 79 521 353 669 249 432 634 314 485 571 450 388 454 676 294 786 267 435 195 237 419 188 387 273 781 258 449 89 735 581 462 291 500 674 544 661 465 684 798 282 555 534 484 263 431 843 390 293 299 185 165 341 647 405 417 585 107 614 363 338 827 864 373 421 848 676 661 486 692 481 312 372 358 346 509 590 215 577 205 484 608 424 461 96 318 650 376 384 517 23 552 496 80 258 143 224 678 219 241 719 733 602 240 251 224 422 131 559 264 386 509 59 154 213 534 572 179 514 561 252 453 830 478 361 632 294 521 593 503 574 403 384 30 136 153 379 237 643 286 356 101 594 875 411 663 457 54 435 257 154 483 621 231 483 579 442 560 909 704 169 519 379 
903 1052 997 769 815 599 790 1163 930 634 649 332 685 684 726 1118 365 1077 73 678 0 613 328 165 811 515 949 200 761 664 228 631 427 449 775 688 571 801 602 725 872 608 781 285 1122 838 231 237 949 304 949 1098 429 569 937 272 525 906 610 546 325 530 575 788 814 754 854 266 215 967 864 1195 181 804 223 161 786 488 318 1127 918 929 939 764 980 744 389 494 651 825 241 1012 330 97 625 1131 931 993 698 692 1014 883 626 499 462 219 579 541 758 307 370 412 420 128 522 474 829 1015 990 623 859 751 365 1179 933 1032 1050 655 1123 1090 688 936 728 704 155 799 906 668 596 877 498 442 901 891 571 684 939 518 419 624 810 891 627 395 844 258 160 737 971 723 904 546 87 384 224 177 266 196 275 297 651 794 778 704 497 685 945 545 700 211 700 668 212 587 644 991 557 809 819 730 908 472 1076 1040 934 770 159 844 226 307 
887 813 1041 156 218 415 842 794 785 133 588 554 367 880 159 837 328 829 640 724 613 0 807 525 917 542 1054 525 205 311 390 418 471 165 595 664 714 337 662 305 626 60 958 455 741 1027 676 387 644 502 640 665 715 108 953 470 732 834 322 753 682 811 97 610 465 738 285 798 568 952 480 829 682 272 513 760 175 455 313 860 566 956 647 156 1114 974 532 649 574 1043 373 800 727 559 764 777 704 1037 109 140 851 577 141 114 151 658 38 243 528 548 451 425 258 668 519 174 929 714 561 322 509 723 540 825 694 877 738 706 830 836 791 909 648 905 753 939 939 67 26 412 746 671 876 587 602 231 884 338 258 671 872 865 214 236 887 399 675 942 674 122 553 890 528 597 709 442 399 430 586 605 717 746 698 418 743 151 838 368 659 757 151 362 405 275 737 725 823 751 440 218 877 253 718 805 522 194 765 862 432 521 
717 958 768 953 968 603 591 1125 807 775 559 284 721 431 950 1037 485 984 255 513 328 807 0 295 579 441 698 285 993 725 445 635 413 665 707 561 387 875 459 797 814 780 520 355 1096 564 133 439 908 318 909 1104 220 801 730 340 319 748 663 331 153 270 804 716 825 602 980 83 239 770 881 1152 153 914 295 226 960 474 499 1037 907 718 892 963 713 463 339 345 570 539 492 910 107 296 422 1089 850 764 910 920 885 855 867 704 669 152 769 640 722 277 391 435 557 201 464 637 597 960 1010 676 860 606 316 1131 859 897 995 496 1048 999 487 750 619 443 223 552 695 844 799 937 276 272 720 861 462 785 767 570 556 479 601 712 732 572 638 411 171 468 921 929 895 244 356 281 112 402 410 403 229 218 483 648 654 716 278 824 799 577 578 127 930 704 479 665 463 920 297 666 844 846 729 585 1043 945 953 992 246 651 381 302 
747 887 851 677 706 438 639 1001 766 516 484 175 532 555 661 953 226 912 140 522 165 525 295 0 669 351 811 37 702 516 150 471 262 374 610 526 424 660 445 582 708 506 653 123 962 715 162 145 787 140 787 943 306 509 786 109 388 745 459 411 216 415 512 623 657 595 733 273 75 813 709 1034 157 676 58 254 688 324 212 962 759 779 776 681 849 627 227 344 487 708 201 847 244 68 481 970 766 847 624 630 850 722 574 416 380 143 488 403 595 150 206 249 293 148 357 363 686 852 837 473 701 590 205 1017 769 869 887 499 959 925 541 780 564 577 246 663 756 570 514 733 370 302 744 730 409 550 781 364 292 466 661 734 493 290 693 128 150 613 808 644 745 455 111 233 187 111 131 109 133 160 496 633 615 546 368 567 783 388 537 232 639 515 193 443 493 826 439 648 665 603 751 336 915 875 781 704 265 690 93 144 
179 514 190 1000 957 509 91 741 354 808 336 497 603 152 1074 599 656 537 748 193 811 917 579 669 0 386 145 633 1119 648 759 517 483 863 409 261 247 754 261 704 481 862 103 598 736 143 594 742 570 548 574 799 386 978 159 598 286 252 610 265 492 309 973 403 613 205 917 658 600 207 658 755 653 843 617 784 988 471 735 584 624 145 550 1035 198 180 463 328 352 185 818 464 505 726 188 704 461 186 1020 1057 402 560 1040 868 851 600 885 674 476 521 533 529 698 705 404 768 18 583 750 615 615 223 476 729 478 400 609 212 617 550 134 203 302 148 779 49 125 912 926 769 317 369 191 559 320 748 240 579 698 248 66 188 725 759 90 685 673 144 563 1022 621 361 780 437 621 754 674 738 539 515 202 229 278 560 317 833 306 549 273 685 1068 597 830 649 189 526 282 239 649 809 199 675 683 503 709 1101 805 124 684 535 
413 543 541 646 624 182 326 687 416 450 135 190 304 339 702 615 272 569 473 200 515 542 441 351 386 0 530 315 747 327 395 209 103 477 273 179 173 469 126 398 379 492 417 244 656 485 366 377 470 211 471 664 243 594 464 251 208 399 271 223 290 301 590 285 389 253 607 487 306 481 446 717 417 534 293 558 641 88 355 620 466 461 455 675 584 433 127 126 140 500 450 501 334 418 222 652 426 537 649 681 499 415 659 483 465 359 508 305 281 212 162 146 312 451 28 385 400 526 573 281 421 246 153 697 432 518 561 178 623 583 254 444 213 363 550 402 439 548 548 517 237 184 407 420 69 414 438 208 312 141 354 396 376 373 379 320 428 400 485 655 455 393 456 163 407 404 308 384 258 249 184 287 264 286 233 485 433 188 188 483 693 290 469 296 198 492 304 301 413 479 413 293 604 531 517 733 575 365 329 208 
218 550 102 1129 1080 642 212 785 408 941 467 641 725 270 1209 630 801 569 884 333 949 1054 698 811 145 530 0 775 1254 774 904 645 627 1006 514 390 391 868 404 825 566 997 179 743 790 153 727 887 644 693 648 868 521 1118 153 743 425 303 740 403 626 432 1113 505 717 322 1034 780 741 197 757 793 786 961 760 912 1115 614 880 609 711 139 624 1166 69 247 609 473 482 198 963 505 634 866 332 751 529 101 1155 1194 429 649 1180 1009 993 735 1023 811 585 665 679 674 841 839 547 909 130 641 835 744 712 339 621 767 546 418 662 353 651 581 279 222 419 255 907 150 141 1045 1064 873 452 510 234 645 462 874 267 718 841 390 181 238 856 902 172 830 806 231 631 1156 710 463 922 580 751 899 819 882 680 655 345 329 382 679 452 962 346 685 398 811 1205 721 975 782 334 584 404 333 755 933 239 816 740 541 800 1235 933 205 829 679 
710 853 814 674 698 409 602 972 731 507 449 138 507 521 666 920 213 879 167 485 200 525 285 37 633 315 775 0 708 495 166 443 229 380 576 490 387 640 408 562 676 502 618 96 933 681 152 157 756 104 756 917 274 517 749 80 353 708 436 376 190 383 519 590 630 558 721 274 49 776 683 1004 161 661 24 275 684 292 214 928 730 742 745 681 813 594 190 307 452 675 222 813 222 103 444 939 732 810 626 635 814 692 582 419 384 133 487 386 564 113 175 219 283 165 322 358 650 820 812 450 674 554 168 987 736 833 855 462 926 892 504 743 528 543 267 628 719 566 515 712 336 267 707 699 373 534 744 340 282 429 624 697 478 289 656 127 159 579 776 645 717 429 148 196 184 136 126 128 100 127 459 596 579 519 335 557 746 361 501 239 645 490 219 423 456 794 407 611 640 589 714 322 885 841 755 708 287 653 96 108 
1080 971 1237 164 260 613 1043 911 964 316 787 752 548 1086 46 982 525 983 801 926 761 205 993 702 1119 747 1254 708 0 493 556 613 675 328 779 864 919 471 866 466 795 257 1163 648 858 1231 860 558 795 698 791 765 916 194 1148 661 937 1022 516 958 877 1014 190 794 623 936 347 974 754 1144 623 946 858 378 699 918 194 660 494 1008 710 1152 802 114 1315 1179 734 854 773 1248 523 965 919 724 969 901 872 1233 99 73 1023 735 136 291 324 841 241 446 709 744 652 629 458 836 724 374 1131 861 673 514 661 920 741 946 860 1050 880 909 971 989 995 1101 844 1110 911 1143 1136 212 203 528 950 874 1068 744 806 399 1073 542 458 875 1073 1058 401 424 1086 581 848 1147 826 102 699 1091 683 798 889 606 584 598 779 800 921 941 891 599 946 305 1021 571 857 929 63 547 550 472 941 882 1027 944 592 358 1069 458 845 965 648 34 919 1059 612 717 
589 507 748 356 309 148 565 530 474 180 313 441 56 648 451 541 299 525 656 461 664 311 725 516 648 327 774 495 493 0 453 132 313 356 286 387 492 150 417 72 317 252 709 399 482 775 616 438 347 415 345 438 560 406 659 415 535 529 62 550 574 628 397 301 172 452 281 748 518 652 209 566 648 207 473 769 341 259 363 561 283 663 346 396 839 743 389 453 297 800 478 491 623 577 529 506 394 744 397 443 539 277 452 324 334 601 293 132 218 450 337 291 256 660 299 250 657 419 329 49 221 435 410 556 386 566 448 448 537 534 538 609 356 671 761 679 649 282 330 217 564 503 577 287 363 100 580 157 257 419 595 567 97 309 603 406 651 705 376 391 269 720 581 454 657 494 398 473 502 508 463 452 401 107 560 190 529 149 377 725 453 54 511 78 489 422 631 453 163 161 577 199 446 499 275 470 781 573 439 428 
808 891 930 546 588 418 715 972 792 407 516 271 483 664 517 948 160 915 250 590 228 390 445 150 759 395 904 166 556 453 0 447 293 231 615 574 514 582 511 508 701 382 759 161 927 825 312 19 767 214 766 891 430 363 857 163 495 791 405 519 356 540 366 631 614 649 627 419 216 877 660 1006 303 578 168 370 561 336 93 961 723 853 759 545 949 745 296 433 513 824 60 858 389 169 573 943 768 926 483 485 874 697 426 278 241 293 355 324 583 250 233 256 199 280 391 246 776 836 782 417 662 641 285 992 768 896 870 567 950 927 626 839 597 688 362 762 831 442 376 660 486 411 803 706 463 461 833 322 198 531 740 792 405 168 768 76 292 725 791 505 709 593 141 332 336 52 88 42 260 286 569 680 652 510 484 458 820 357 580 373 494 467 74 375 573 820 562 693 614 504 808 255 885 880 727 560 375 759 79 230 
469 449 625 484 442 33 434 531 379 297 181 357 97 517 569 501 288 472 610 328 631 418 635 471 517 209 645 443 613 132 447 0 226 419 187 256 364 262 287 196 256 360 577 349 491 642 540 429 320 348 320 477 451 500 536 363 413 417 97 425 482 507 492 203 191 324 411 670 455 534 247 564 581 336 419 713 471 162 370 516 288 539 312 521 709 611 297 334 165 667 486 421 530 538 398 500 327 621 514 556 454 252 554 401 399 528 393 186 138 372 269 223 276 602 181 309 526 389 377 99 232 308 322 549 324 479 423 315 503 483 405 491 231 540 705 547 523 401 433 309 445 392 457 261 234 231 466 127 277 287 465 447 212 342 475 384 588 573 344 512 274 601 555 355 582 478 373 456 424 425 331 329 280 81 441 317 426 91 247 655 567 85 516 143 357 374 508 333 209 293 459 225 444 439 320 591 728 447 410 355 
516 625 643 591 583 193 428 747 509 396 227 131 308 416 630 691 174 650 394 302 427 471 413 262 483 103 627 229 675 313 293 226 0 386 348 281 251 463 225 385 447 426 502 146 710 571 313 274 530 126 530 703 256 510 567 156 262 499 251 283 262 342 507 361 418 356 580 444 232 585 473 778 356 510 205 491 589 65 253 700 511 563 518 613 678 508 76 180 227 581 347 586 310 331 307 713 504 639 579 606 592 467 576 399 376 302 434 250 337 146 61 48 224 381 100 303 498 592 603 264 458 348 98 760 507 612 628 279 697 663 349 547 308 441 483 493 542 486 473 523 277 204 510 475 172 383 540 163 223 242 455 499 335 279 481 217 363 479 549 589 498 426 362 142 356 304 205 283 198 199 284 388 362 306 273 439 531 164 288 429 617 291 367 260 293 565 353 401 434 447 516 218 661 613 546 664 506 468 229 131 
866 857 1010 322 378 403 799 881 798 228 557 437 405 802 287 896 216 877 480 674 449 165 665 374 863 477 1006 380 328 356 231 419 386 0 606 630 637 439 603 382 663 175 888 327 831 957 532 231 703 380 700 771 604 137 926 339 641 827 336 663 554 708 139 622 528 708 434 647 427 934 558 917 531 402 372 599 341 393 168 916 637 926 701 316 1061 892 431 563 548 966 208 835 595 400 692 859 739 1006 252 256 872 632 204 53 23 513 135 236 551 426 348 338 166 511 460 110 877 775 661 343 576 695 433 909 733 898 804 654 893 887 731 893 631 826 592 878 907 225 148 520 646 568 857 642 544 315 875 303 165 617 828 846 270 108 849 254 522 864 732 275 623 777 365 489 561 282 257 272 455 478 661 726 685 449 643 272 842 342 630 603 265 394 240 289 675 775 725 735 513 333 860 199 799 848 614 330 602 830 284 399 
311 278 472 637 576 206 318 418 193 466 149 462 231 462 737 344 460 303 740 258 775 595 707 610 409 273 514 576 779 286 615 187 348 606 0 176 353 355 265 322 107 535 492 491 392 549 639 597 203 473 205 421 494 682 382 503 420 244 276 423 559 512 674 16 205 204 522 759 575 370 250 446 690 452 553 830 618 287 546 352 227 390 186 679 581 547 398 365 137 584 660 243 601 678 359 382 156 469 683 729 267 164 734 587 586 632 572 372 73 483 405 367 459 722 258 495 413 254 351 273 207 187 424 425 159 292 289 258 351 316 335 327 115 480 823 450 378 568 611 361 462 437 297 166 246 382 295 309 460 251 346 288 381 526 343 546 701 505 214 677 220 605 707 435 680 639 534 617 531 522 276 185 133 180 459 475 243 270 157 756 739 233 687 325 306 219 502 181 242 433 296 411 338 266 304 755 847 309 566 474 
238 397 380 740 696 251 179 580 250 550 77 357 342 288 819 477 441 424 641 83 688 664 561 526 261 179 390 490 864 387 574 256 281 630 176 0 184 497 102 444 275 608 329 423 559 392 515 555 373 387 376 596 342 734 296 430 254 220 350 253 423 342 728 178 366 78 657 622 475 307 417 603 572 583 468 714 727 244 526 476 403 296 354 776 453 376 300 218 91 422 627 349 459 593 184 543 294 376 765 804 332 340 794 627 615 513 635 422 228 381 341 319 467 613 183 527 270 412 526 354 378 67 323 581 305 348 445 83 489 438 163 268 63 307 707 294 277 654 675 519 298 290 231 341 117 487 259 332 467 83 209 220 466 532 222 498 586 335 378 765 395 433 634 313 554 584 486 563 420 405 101 107 94 300 295 573 257 297 19 629 815 335 648 392 131 366 330 122 400 547 236 434 504 384 477 844 733 200 508 382 
339 577 428 819 795 344 220 764 422 622 212 251 461 167 873 659 423 604 512 126 571 714 387 424 247 173 391 387 919 492 514 364 251 637 353 184 0 626 89 560 457 664 252 353 742 320 366 497 555 301 557 773 169 760 367 352 71 362 439 70 266 159 757 358 521 215 773 456 357 400 576 788 426 699 370 564 813 259 496 656 576 359 537 848 435 261 219 82 228 330 573 528 293 482 59 727 478 424 821 852 499 516 826 648 627 368 679 478 392 275 294 299 474 474 199 551 264 596 695 448 543 220 230 765 490 510 630 110 672 618 118 373 247 192 558 248 336 721 718 665 116 131 340 518 131 584 385 381 474 102 239 331 548 529 273 440 443 229 561 828 567 253 535 191 400 508 430 491 296 273 96 261 272 432 113 657 411 360 203 471 863 449 584 468 78 550 150 279 551 648 348 462 687 564 642 905 584 277 438 288 
666 501 827 311 230 287 666 456 517 215 430 591 166 774 436 511 437 513 799 577 801 337 875 660 754 469 868 640 471 150 582 262 463 439 355 497 626 0 545 79 339 286 826 545 404 888 765 568 325 564 321 333 707 445 737 562 675 594 212 687 724 769 434 366 162 550 167 897 666 721 153 492 796 101 619 914 285 407 489 537 240 745 333 359 935 867 538 595 412 918 597 500 773 718 657 440 411 824 388 440 565 268 472 395 416 750 336 260 283 600 486 441 382 805 441 351 760 390 225 198 192 532 560 488 397 592 410 567 501 518 656 679 453 796 906 790 734 283 362 81 706 649 651 277 496 125 644 306 384 544 695 643 178 423 696 544 798 827 355 372 229 862 716 603 806 627 536 607 651 658 584 538 486 197 702 187 580 299 483 873 448 179 632 217 612 413 770 536 126 120 650 329 382 496 185 441 925 663 577 577 
302 499 419 756 725 270 204 678 349 561 124 271 382 231 820 579 397 525 551 79 602 662 459 445 261 126 404 408 866 417 511 287 225 603 265 102 89 545 0 483 369 609 298 353 655 366 418 493 467 310 469 684 240 718 346 357 156 305 369 158 324 247 714 270 434 153 697 522 387 369 489 703 476 623 388 617 748 211 478 578 487 341 449 788 458 325 221 118 140 385 568 451 358 509 112 641 395 415 767 801 430 427 782 608 590 417 629 420 303 296 279 270 437 519 144 508 275 510 606 377 455 153 240 680 405 444 544 56 591 540 130 335 162 254 611 278 319 662 669 580 199 189 300 430 60 513 337 324 437 22 230 289 482 498 257 436 491 288 475 771 478 341 555 220 456 514 424 495 329 311 59 196 195 350 195 591 349 297 120 530 813 371 585 403 75 466 239 213 465 577 306 416 600 486 554 850 637 248 440 301 
631 509 792 316 255 217 618 500 499 173 373 513 102 713 427 532 360 524 721 521 725 305 797 582 704 398 825 562 466 72 508 196 385 382 322 444 560 79 483 0 329 248 770 466 449 835 686 494 339 486 335 392 632 408 702 483 605 565 134 619 647 698 398 334 160 504 215 819 587 691 178 536 717 140 541 836 297 332 416 555 262 708 342 361 891 807 461 524 356 861 527 500 695 640 595 479 406 789 375 424 557 273 445 343 359 671 295 184 249 521 407 362 308 726 370 286 712 409 281 121 204 486 482 529 394 584 434 509 525 532 599 648 406 736 827 738 695 262 327 153 635 575 618 283 430 74 616 227 310 483 648 609 112 354 653 467 719 768 369 364 249 791 640 526 727 552 459 531 572 579 525 498 446 146 631 163 559 222 432 795 434 111 561 139 552 421 701 498 136 112 618 254 419 503 232 440 847 622 500 499 
350 195 507 642 569 283 391 311 180 494 256 566 262 554 756 247 542 216 841 353 872 626 814 708 481 379 566 676 795 317 701 256 447 663 107 275 457 339 369 329 0 567 572 587 285 624 745 683 98 573 101 324 601 723 421 600 525 269 327 527 666 616 714 100 177 285 503 866 677 396 200 338 795 439 652 934 620 384 625 260 145 431 80 688 635 634 502 473 245 663 741 174 708 776 458 275 78 504 704 752 228 83 768 637 642 737 610 427 118 586 502 461 530 825 362 553 481 147 271 320 154 270 528 318 70 255 182 357 251 227 427 356 212 570 926 526 425 590 646 320 568 544 335 79 353 399 316 383 531 355 415 328 414 595 404 635 805 592 107 693 144 708 801 541 786 729 624 707 635 627 375 253 208 214 564 491 245 346 256 862 763 271 770 374 405 120 605 242 213 438 331 477 231 185 234 768 951 367 658 576 
828 754 983 173 207 357 786 741 725 75 531 518 307 830 212 780 296 771 629 669 608 60 780 506 862 492 997 502 257 252 382 360 426 175 535 608 664 286 609 248 567 0 906 425 690 974 651 376 586 469 583 618 675 160 895 441 686 774 263 706 649 768 150 550 407 680 259 776 543 894 425 777 662 232 488 750 182 405 297 803 510 898 589 188 1058 924 491 603 517 992 373 741 695 546 713 723 645 979 159 197 791 519 201 122 155 633 50 188 469 514 411 382 224 653 467 144 873 657 511 263 452 665 501 772 635 817 682 651 773 778 738 851 590 855 742 886 881 64 80 363 702 628 817 529 549 174 825 285 225 617 816 806 155 217 830 378 657 891 617 164 497 849 522 557 686 433 377 419 555 573 663 688 640 358 699 103 778 313 602 739 208 303 407 217 684 667 779 692 384 170 818 209 664 747 470 241 755 804 413 487 
281 616 260 1053 1018 564 184 841 455 858 397 490 668 98 1117 701 675 640 714 249 781 958 520 653 103 417 179 618 1163 709 759 577 502 888 492 329 252 826 298 770 572 906 0 599 835 69 555 743 664 545 668 894 352 1010 254 596 266 354 664 242 457 256 1006 489 692 289 985 602 580 304 741 856 613 910 605 736 1044 504 747 687 714 238 644 1086 198 80 468 330 414 92 819 566 460 703 196 804 559 257 1065 1098 504 650 1075 899 878 564 925 718 554 512 546 551 725 667 439 801 113 681 840 671 700 306 476 830 575 503 708 261 719 653 171 304 380 78 731 54 221 960 965 847 285 351 293 649 357 807 342 621 725 292 165 291 779 781 193 688 634 53 659 1069 709 285 761 428 577 747 678 733 520 494 247 320 365 629 285 888 409 595 344 635 1109 660 827 700 223 625 228 332 728 869 302 709 781 605 796 1147 757 226 681 530 
654 769 771 598 614 316 555 879 655 421 373 115 411 505 604 833 129 794 262 432 285 455 355 123 598 244 743 96 648 399 161 349 146 327 491 423 353 545 353 466 587 425 599 0 839 665 229 144 665 56 665 821 281 463 699 17 336 643 340 360 229 389 463 505 535 496 632 359 123 721 587 911 252 570 74 371 605 204 162 843 636 694 654 609 788 587 135 271 373 666 220 731 272 190 412 847 647 767 560 576 738 599 530 357 325 212 417 294 473 100 87 127 201 261 245 282 615 730 716 354 579 490 123 895 649 758 765 409 838 807 465 685 454 529 363 600 672 489 449 616 331 254 649 607 309 442 682 244 200 374 580 638 386 224 609 89 253 566 686 577 623 452 216 174 267 161 79 142 131 152 410 531 507 424 329 471 676 266 432 330 586 394 233 328 413 706 408 545 544 498 655 233 792 757 659 644 384 601 87 74 
575 247 709 695 599 524 651 53 385 617 540 836 445 829 829 188 768 235 1100 634 1122 741 1096 962 736 656 790 933 858 482 927 491 710 831 392 559 742 404 655 449 285 690 835 839 0 878 1018 911 189 835 187 112 885 848 637 854 810 491 523 812 945 901 838 385 314 559 514 1143 942 597 274 88 1065 483 910 1201 664 645 841 218 205 651 206 744 857 903 773 757 527 920 957 287 989 1029 741 54 277 708 785 837 366 243 875 792 808 1009 739 614 376 854 758 714 736 1090 636 731 733 154 185 511 265 545 799 89 261 384 128 640 167 228 704 568 496 843 1193 784 653 686 766 333 853 828 560 236 637 520 523 607 737 640 670 558 561 792 650 871 1073 861 181 765 219 993 1044 819 1060 964 861 941 905 901 658 519 483 419 850 591 444 577 540 1135 845 461 990 559 687 210 889 505 319 524 553 679 55 253 220 826 1216 613 899 841 
310 651 250 1121 1084 631 233 881 494 926 462 555 733 161 1186 735 743 673 770 314 838 1027 564 715 143 485 153 681 1231 775 825 642 571 957 549 392 320 888 366 835 624 974 69 665 878 0 610 809 713 611 717 943 411 1079 268 662 330 390 731 306 513 309 1075 545 752 345 1049 647 641 318 799 894 667 975 668 784 1111 573 815 719 767 251 693 1153 150 101 535 397 479 48 884 602 513 763 265 844 604 248 1133 1166 535 703 1143 967 947 620 993 786 614 576 613 619 793 722 508 869 145 725 893 738 756 362 542 868 621 530 750 327 754 686 238 328 439 138 780 99 240 1027 1033 907 345 415 324 702 426 873 369 689 793 359 209 323 846 849 228 754 688 102 706 1137 763 322 822 493 629 811 744 798 581 555 313 371 420 692 346 955 442 663 406 683 1177 725 892 767 291 668 282 382 788 935 332 778 825 640 851 1216 805 265 746 595 
706 905 783 824 843 507 585 1052 765 650 496 183 618 459 818 979 357 931 160 485 231 676 133 162 594 366 727 152 860 616 312 540 313 532 639 515 366 765 418 686 745 651 555 229 1018 610 0 306 834 200 835 1016 208 669 731 213 310 722 554 329 102 301 671 650 731 570 860 133 108 766 787 1081 60 796 164 199 832 378 366 983 822 721 820 832 754 514 246 301 504 595 362 860 99 174 415 1017 790 779 778 788 847 775 734 572 536 19 639 521 642 168 279 325 429 112 383 507 612 892 916 568 770 571 220 1062 797 862 927 465 988 945 480 739 566 477 193 577 698 715 667 831 276 235 706 782 404 668 749 459 428 440 601 696 613 441 637 279 79 509 850 797 809 317 237 205 42 272 278 271 115 118 456 614 610 620 277 700 767 471 531 117 797 601 351 550 444 857 328 631 747 726 714 462 967 892 859 860 219 643 248 188 
789 873 912 542 581 400 696 955 773 397 497 255 466 648 518 930 143 897 253 571 237 387 439 145 742 377 887 157 558 438 19 429 274 231 597 555 497 568 493 494 683 376 743 144 911 809 306 0 749 198 748 876 416 365 838 147 479 772 389 503 344 526 368 612 598 630 617 416 206 858 644 989 300 567 156 374 556 317 82 943 706 834 742 543 932 729 278 415 494 808 76 839 379 171 556 926 750 908 482 486 855 680 429 276 239 287 352 310 565 235 215 237 186 281 372 238 758 819 767 401 645 622 268 975 749 877 852 549 932 909 608 820 578 672 367 744 812 437 374 646 471 396 784 689 445 449 814 305 185 512 722 773 392 160 750 57 291 709 774 504 692 580 150 316 332 60 69 43 248 274 550 661 633 493 469 449 801 339 561 372 495 450 93 360 555 802 547 674 598 493 789 240 868 862 712 561 380 740 65 214 
426 177 576 636 552 352 481 218 239 511 351 653 299 650 759 194 607 188 923 450 949 644 908 787 570 470 644 756 795 347 767 320 530 703 203 373 555 325 467 339 98 586 664 665 189 713 834 749 0 656 5 230 697 746 494 678 622 341 373 624 758 713 736 197 179 380 477 957 762 463 173 248 882 423 733 1020 610 465 686 217 89 506 20 684 712 728 589 568 339 753 803 183 802 854 556 184 116 574 709 760 259 71 784 671 681 825 632 471 193 672 581 538 585 910 450 596 569 72 195 363 135 365 615 231 98 284 103 455 190 194 523 427 310 665 1012 616 503 599 666 284 665 640 410 61 448 413 383 444 586 452 504 406 439 646 489 705 891 686 31 695 97 806 875 632 876 799 694 776 722 716 473 344 303 260 661 499 306 411 354 951 769 311 833 416 502 89 702 332 205 439 405 529 135 173 175 766 1036 451 730 660 
